# Created by Octave 3.8.0, Mon Mar 10 23:34:20 2014 CDT <joshua@Domitian>
# name: x
# type: matrix
# rows: 5
# columns: 1
 38
 42
 65
 68
 64


# name: y
# type: matrix
# rows: 5
# columns: 1
 145
 164
 160
 141
 135


