# Created by Octave 3.8.0, Mon Mar 10 23:54:18 2014 CDT <joshua@Domitian>
# name: x
# type: matrix
# rows: 9
# columns: 1
 100
 126
 143
 138
 120
 88
 61
 61
 72


# name: y
# type: matrix
# rows: 9
# columns: 1
 45
 53
 82
 113
 136
 135
 111
 80
 59


