# Created by Octave 3.8.0, Mon Mar 10 23:45:46 2014 CDT <joshua@Domitian>
# name: x
# type: matrix
# rows: 16
# columns: 1
 95
 142
 200
 256
 346
 415
 470
 468
 460
 407
 322
 229
 155
 101
 71
 44


# name: y
# type: matrix
# rows: 16
# columns: 1
 26
 14
 26
 24
 21
 20
 45
 79
 146
 155
 155
 162
 154
 149
 133
 106


