# Created by Octave 3.8.0, Mon Mar 10 23:40:41 2014 CDT <joshua@Domitian>
# name: x
# type: matrix
# rows: 19
# columns: 1
 228
 240
 257
 280
 296
 297
 300
 287
 274
 254
 239
 222
 207
 189
 183
 181
 181
 187
 192


# name: y
# type: matrix
# rows: 19
# columns: 1
 46
 42
 46
 46
 58
 79
 104
 112
 120
 129
 134
 134
 136
 125
 115
 92
 85
 70
 58


