# Created by Octave 3.8.0, Mon Mar 10 19:38:30 2014 CDT <joshua@Domitian>
# name: x
# type: matrix
# rows: 13
# columns: 1
 106
 127
 132
 136
 140
 125
 118
 98
 75
 65
 62
 62
 86


# name: y
# type: matrix
# rows: 13
# columns: 1
 44
 50
 67
 88
 120
 127
 138
 139
 132
 118
 93
 58
 35


