# Created by Octave 3.8.0, Mon Mar 10 23:43:45 2014 CDT <joshua@Domitian>
# name: x
# type: matrix
# rows: 10
# columns: 1
 383
 404
 435
 418
 420
 385
 349
 349
 326
 366


# name: y
# type: matrix
# rows: 10
# columns: 1
 25
 61
 74
 101
 140
 132
 141
 102
 67
 59


