# Created by Octave 3.8.0, Tue Mar 11 00:04:09 2014 CDT <joshua@Domitian>
# name: x
# type: matrix
# rows: 9
# columns: 1
 103
 119
 139
 142
 112
 68
 55
 56
 73


# name: y
# type: matrix
# rows: 9
# columns: 1
 39
 46
 68
 109
 145
 133
 104
 67
 42


