# Created by Octave 3.8.0, Tue Mar 11 10:09:14 2014 CDT <joshua@Domitian>
# name: x
# type: matrix
# rows: 10
# columns: 1
 385
 411
 438
 424
 413
 382
 348
 340
 335
 360


# name: y
# type: matrix
# rows: 10
# columns: 1
 33
 54
 80
 108
 134
 138
 138
 98
 71
 51


