# Created by Octave 3.8.0, Mon Mar 10 23:03:39 2014 CDT <joshua@Domitian>
# name: x
# type: matrix
# rows: 10
# columns: 1
 106
 125
 138
 139
 130
 99
 66
 46
 58
 83


# name: y
# type: matrix
# rows: 10
# columns: 1
 40
 52
 74
 109
 135
 148
 127
 95
 60
 38


