# Created by Octave 3.8.1, Wed Apr 23 17:27:51 2014 CDT <joshua@Domitian>
# name: xpts
# type: matrix
# rows: 12
# columns: 1
 888.3472467913733
 885.3337097118193
 993.8210445757585
 1150.52497271256
 1277.093530053822
 1296.681521070922
 971.2195164791045
 897.3878580300349
 1060.118860325944
 614.1153725519715
 1084.227156962374
 1367.499642440438


# name: ypts
# type: matrix
# rows: 12
# columns: 1
 313.3804872846802
 423.3745906883963
 325.4346356028957
 515.2874716147892
 471.5911839612581
 614.7341952400668
 748.8365952802138
 634.3221862571669
 617.7477323196204
 399.266294051965
 575.5582132058663
 1066.764757173146


# name: xprimes
# type: matrix
# rows: 12
# columns: 1
 343.5778162736722
 347.6062060614215
 452.3443405429042
 627.5792963100004
 760.5161593057285
 802.8142520770965
 460.4011201184029
 371.7765447879175
 538.9547209795149
 65.61892091896797
 565.1392545998856
 903.5239967708297


# name: yprimes
# type: matrix
# rows: 12
# columns: 1
 290.159177907094
 411.0108715395741
 302.2443472703421
 509.7064213394329
 453.3089643109421
 612.430360927041
 761.4807830737664
 638.6148945474117
 620.4871405025397
 388.8547277069528
 572.1464630495475
 1099.865525244711


